Kernel	Cost	Gamma	Mean_Acc_Train	Std_Acc_Train	Mean_Acc_Test	Std_Acc_Test
Linear	0.001000	0.001000	74.78	1.45	74.55	6.39
Linear	0.001000	0.010000	74.78	1.45	74.55	6.39
Linear	0.001000	0.100000	74.78	1.45	74.55	6.39
Linear	0.001000	1.000000	74.78	1.45	74.55	6.39
Linear	0.001000	10.000000	74.78	1.45	74.55	6.39
Linear	0.001000	100.000000	74.78	1.45	74.55	6.39
Linear	0.001000	1000.000000	74.78	1.45	74.55	6.39
Linear	0.010000	0.001000	70.27	12.28	68.79	14.47
Linear	0.010000	0.010000	70.27	12.28	68.79	14.47
Linear	0.010000	0.100000	70.27	12.28	68.79	14.47
Linear	0.010000	1.000000	70.27	12.28	68.79	14.47
Linear	0.010000	10.000000	70.27	12.28	68.79	14.47
Linear	0.010000	100.000000	70.27	12.28	68.79	14.47
Linear	0.010000	1000.000000	70.27	12.28	68.79	14.47
Linear	0.100000	0.001000	55.19	10.48	56.97	12.41
Linear	0.100000	0.010000	55.19	10.48	56.97	12.41
Linear	0.100000	0.100000	55.19	10.48	56.97	12.41
Linear	0.100000	1.000000	55.19	10.48	56.97	12.41
Linear	0.100000	10.000000	55.19	10.48	56.97	12.41
Linear	0.100000	100.000000	55.19	10.48	56.97	12.41
Linear	0.100000	1000.000000	55.19	10.48	56.97	12.41
Linear	1.000000	0.001000	63.20	8.43	62.73	11.18
Linear	1.000000	0.010000	63.20	8.43	62.73	11.18
Linear	1.000000	0.100000	63.20	8.43	62.73	11.18
Linear	1.000000	1.000000	63.20	8.43	62.73	11.18
Linear	1.000000	10.000000	63.20	8.43	62.73	11.18
Linear	1.000000	100.000000	63.20	8.43	62.73	11.18
Linear	1.000000	1000.000000	63.20	8.43	62.73	11.18
Linear	10.000000	0.001000	55.72	14.94	54.85	15.36
Linear	10.000000	0.010000	55.72	14.94	54.85	15.36
Linear	10.000000	0.100000	55.72	14.94	54.85	15.36
Linear	10.000000	1.000000	55.72	14.94	54.85	15.36
Linear	10.000000	10.000000	55.72	14.94	54.85	15.36
Linear	10.000000	100.000000	55.72	14.94	54.85	15.36
Linear	10.000000	1000.000000	55.72	14.94	54.85	15.36
Linear	100.000000	0.001000	55.72	14.94	54.85	15.36
Linear	100.000000	0.010000	55.72	14.94	54.85	15.36
Linear	100.000000	0.100000	55.72	14.94	54.85	15.36
Linear	100.000000	1.000000	55.72	14.94	54.85	15.36
Linear	100.000000	10.000000	55.72	14.94	54.85	15.36
Linear	100.000000	100.000000	55.72	14.94	54.85	15.36
Linear	100.000000	1000.000000	55.72	14.94	54.85	15.36
Linear	1000.000000	0.001000	55.72	14.94	54.85	15.36
Linear	1000.000000	0.010000	55.72	14.94	54.85	15.36
Linear	1000.000000	0.100000	55.72	14.94	54.85	15.36
Linear	1000.000000	1.000000	55.72	14.94	54.85	15.36
Linear	1000.000000	10.000000	55.72	14.94	54.85	15.36
Linear	1000.000000	100.000000	55.72	14.94	54.85	15.36
Linear	1000.000000	1000.000000	55.72	14.94	54.85	15.36
Polynomial	0.001000	0.001000	60.47	9.14	61.21	11.08
Polynomial	0.001000	0.010000	52.86	12.69	52.73	11.98
Polynomial	0.001000	0.100000	64.24	8.00	63.33	12.45
Polynomial	0.001000	1.000000	66.60	9.51	67.58	11.01
Polynomial	0.001000	10.000000	53.84	7.39	50.00	11.28
Polynomial	0.001000	100.000000	53.57	17.53	55.15	17.50
Polynomial	0.001000	1000.000000	47.34	5.64	47.27	11.91
Polynomial	0.010000	0.001000	50.98	12.01	49.39	12.42
Polynomial	0.010000	0.010000	63.94	11.91	60.91	13.85
Polynomial	0.010000	0.100000	64.44	9.53	66.67	9.19
Polynomial	0.010000	1.000000	61.21	12.51	62.73	14.28
Polynomial	0.010000	10.000000	53.84	7.39	50.00	11.28
Polynomial	0.010000	100.000000	53.57	17.53	55.15	17.50
Polynomial	0.010000	1000.000000	47.34	5.64	47.27	11.91
Polynomial	0.100000	0.001000	55.62	11.02	57.58	10.41
Polynomial	0.100000	0.010000	59.26	12.60	59.09	13.77
Polynomial	0.100000	0.100000	64.71	11.74	63.03	12.84
Polynomial	0.100000	1.000000	47.78	4.33	50.00	9.70
Polynomial	0.100000	10.000000	53.84	7.39	50.00	11.28
Polynomial	0.100000	100.000000	53.57	17.53	55.15	17.50
Polynomial	0.100000	1000.000000	47.34	5.64	47.27	11.91
Polynomial	1.000000	0.001000	49.43	6.46	47.27	7.93
Polynomial	1.000000	0.010000	59.06	11.11	58.18	9.27
Polynomial	1.000000	0.100000	65.66	11.16	64.55	13.07
Polynomial	1.000000	1.000000	55.45	12.21	57.58	13.48
Polynomial	1.000000	10.000000	53.84	7.39	50.00	11.28
Polynomial	1.000000	100.000000	53.57	17.53	55.15	17.50
Polynomial	1.000000	1000.000000	47.34	5.64	47.27	11.91
Polynomial	10.000000	0.001000	59.76	8.76	59.09	12.06
Polynomial	10.000000	0.010000	64.51	10.44	65.76	12.64
Polynomial	10.000000	0.100000	52.73	10.71	53.33	9.11
Polynomial	10.000000	1.000000	55.45	12.21	57.58	13.48
Polynomial	10.000000	10.000000	53.84	7.39	50.00	11.28
Polynomial	10.000000	100.000000	53.57	17.53	55.15	17.50
Polynomial	10.000000	1000.000000	47.34	5.64	47.27	11.91
Polynomial	100.000000	0.001000	65.82	8.83	64.24	13.05
Polynomial	100.000000	0.010000	68.15	10.83	71.52	11.27
Polynomial	100.000000	0.100000	49.60	13.36	50.30	13.29
Polynomial	100.000000	1.000000	55.45	12.21	57.58	13.48
Polynomial	100.000000	10.000000	53.84	7.39	50.00	11.28
Polynomial	100.000000	100.000000	53.57	17.53	55.15	17.50
Polynomial	100.000000	1000.000000	47.34	5.64	47.27	11.91
Polynomial	1000.000000	0.001000	65.19	9.56	64.85	13.70
Polynomial	1000.000000	0.010000	62.73	13.30	62.73	14.72
Polynomial	1000.000000	0.100000	50.30	10.01	50.91	11.40
Polynomial	1000.000000	1.000000	55.45	12.21	57.58	13.48
Polynomial	1000.000000	10.000000	53.84	7.39	50.00	11.28
Polynomial	1000.000000	100.000000	53.57	17.53	55.15	17.50
Polynomial	1000.000000	1000.000000	47.34	5.64	47.27	11.91
Radial Basis Function	0.001000	0.001000	50.71	0.46	48.48	5.07
Radial Basis Function	0.001000	0.010000	50.71	0.46	48.48	5.07
Radial Basis Function	0.001000	0.100000	50.71	0.46	48.48	5.07
Radial Basis Function	0.001000	1.000000	50.71	0.46	48.48	5.07
Radial Basis Function	0.001000	10.000000	50.71	0.46	48.48	5.07
Radial Basis Function	0.001000	100.000000	50.71	0.46	48.48	5.07
Radial Basis Function	0.001000	1000.000000	50.71	0.46	48.48	5.07
Radial Basis Function	0.010000	0.001000	50.71	0.46	48.48	5.07
Radial Basis Function	0.010000	0.010000	50.71	0.46	48.48	5.07
Radial Basis Function	0.010000	0.100000	50.71	0.46	48.48	5.07
Radial Basis Function	0.010000	1.000000	50.71	0.46	48.48	5.07
Radial Basis Function	0.010000	10.000000	50.71	0.46	48.48	5.07
Radial Basis Function	0.010000	100.000000	50.71	0.46	48.48	5.07
Radial Basis Function	0.010000	1000.000000	50.71	0.46	48.48	5.07
Radial Basis Function	0.100000	0.001000	69.33	0.95	68.79	8.79
Radial Basis Function	0.100000	0.010000	63.94	0.93	63.94	8.40
Radial Basis Function	0.100000	0.100000	62.12	1.01	62.12	9.12
Radial Basis Function	0.100000	1.000000	60.61	1.09	60.30	9.53
Radial Basis Function	0.100000	10.000000	50.77	0.42	48.48	5.07
Radial Basis Function	0.100000	100.000000	50.71	0.46	48.48	5.07
Radial Basis Function	0.100000	1000.000000	50.71	0.46	48.48	5.07
Radial Basis Function	1.000000	0.001000	98.18	0.22	71.52	7.20
Radial Basis Function	1.000000	0.010000	98.18	0.22	68.48	8.59
Radial Basis Function	1.000000	0.100000	98.48	0.17	63.94	8.51
Radial Basis Function	1.000000	1.000000	99.36	0.10	62.12	9.98
Radial Basis Function	1.000000	10.000000	99.93	0.13	60.00	8.97
Radial Basis Function	1.000000	100.000000	100.00	0.00	47.88	3.78
Radial Basis Function	1.000000	1000.000000	100.00	0.00	48.18	4.38
Radial Basis Function	10.000000	0.001000	98.18	0.22	71.52	7.07
Radial Basis Function	10.000000	0.010000	98.48	0.17	69.09	8.66
Radial Basis Function	10.000000	0.100000	98.82	0.23	63.64	9.19
Radial Basis Function	10.000000	1.000000	99.70	0.10	61.82	9.98
Radial Basis Function	10.000000	10.000000	100.00	0.00	60.00	9.66
Radial Basis Function	10.000000	100.000000	100.00	0.00	47.88	3.78
Radial Basis Function	10.000000	1000.000000	100.00	0.00	48.18	4.38
Radial Basis Function	100.000000	0.001000	98.48	0.17	72.12	7.27
Radial Basis Function	100.000000	0.010000	98.82	0.23	69.39	8.62
Radial Basis Function	100.000000	0.100000	99.70	0.10	63.94	9.04
Radial Basis Function	100.000000	1.000000	100.00	0.00	61.82	9.98
Radial Basis Function	100.000000	10.000000	100.00	0.00	60.00	9.66
Radial Basis Function	100.000000	100.000000	100.00	0.00	47.88	3.78
Radial Basis Function	100.000000	1000.000000	100.00	0.00	48.18	4.38
Radial Basis Function	1000.000000	0.001000	98.82	0.23	71.82	7.43
Radial Basis Function	1000.000000	0.010000	99.46	0.22	68.18	10.34
Radial Basis Function	1000.000000	0.100000	100.00	0.00	63.64	8.99
Radial Basis Function	1000.000000	1.000000	100.00	0.00	61.82	9.98
Radial Basis Function	1000.000000	10.000000	100.00	0.00	60.00	9.66
Radial Basis Function	1000.000000	100.000000	100.00	0.00	47.88	3.78
Radial Basis Function	1000.000000	1000.000000	100.00	0.00	48.18	4.38
Sigmoid	0.001000	0.001000	50.71	0.46	48.48	5.07
Sigmoid	0.001000	0.010000	50.71	0.46	48.48	5.07
Sigmoid	0.001000	0.100000	50.71	0.46	48.48	5.07
Sigmoid	0.001000	1.000000	50.71	0.46	48.48	5.07
Sigmoid	0.001000	10.000000	50.71	0.46	48.48	5.07
Sigmoid	0.001000	100.000000	50.71	0.46	48.48	5.07
Sigmoid	0.001000	1000.000000	50.71	0.46	48.48	5.07
Sigmoid	0.010000	0.001000	72.39	2.70	70.61	9.49
Sigmoid	0.010000	0.010000	72.46	2.64	70.00	9.91
Sigmoid	0.010000	0.100000	61.99	2.01	60.91	7.95
Sigmoid	0.010000	1.000000	61.65	2.10	59.70	7.43
Sigmoid	0.010000	10.000000	61.58	2.13	60.30	7.95
Sigmoid	0.010000	100.000000	61.52	2.05	60.30	7.95
Sigmoid	0.010000	1000.000000	61.52	2.05	60.30	7.95
Sigmoid	0.100000	0.001000	56.90	1.73	55.76	8.91
Sigmoid	0.100000	0.010000	56.03	1.51	56.06	10.07
Sigmoid	0.100000	0.100000	44.48	0.86	44.24	8.04
Sigmoid	0.100000	1.000000	44.98	0.89	44.85	7.02
Sigmoid	0.100000	10.000000	44.98	1.10	44.55	7.30
Sigmoid	0.100000	100.000000	44.71	0.93	44.55	7.30
Sigmoid	0.100000	1000.000000	44.71	0.93	44.55	7.30
Sigmoid	1.000000	0.001000	55.56	1.81	56.06	13.30
Sigmoid	1.000000	0.010000	57.44	3.97	60.91	11.54
Sigmoid	1.000000	0.100000	43.43	0.98	45.15	9.24
Sigmoid	1.000000	1.000000	45.05	1.18	46.36	10.41
Sigmoid	1.000000	10.000000	45.35	1.35	47.27	10.16
Sigmoid	1.000000	100.000000	45.35	1.35	47.27	10.16
Sigmoid	1.000000	1000.000000	45.35	1.35	47.27	10.16
Sigmoid	10.000000	0.001000	55.56	1.76	55.76	13.43
Sigmoid	10.000000	0.010000	59.49	4.02	61.21	10.82
Sigmoid	10.000000	0.100000	44.24	1.10	45.15	9.91
Sigmoid	10.000000	1.000000	45.22	1.13	44.55	9.30
Sigmoid	10.000000	10.000000	45.45	1.39	46.97	10.43
Sigmoid	10.000000	100.000000	45.45	1.39	46.97	10.43
Sigmoid	10.000000	1000.000000	45.45	1.39	46.97	10.43
Sigmoid	100.000000	0.001000	55.79	1.68	56.06	13.09
Sigmoid	100.000000	0.010000	56.90	6.28	58.18	11.16
Sigmoid	100.000000	0.100000	44.07	1.11	44.85	10.21
Sigmoid	100.000000	1.000000	45.19	1.17	44.85	9.47
Sigmoid	100.000000	10.000000	45.45	1.39	46.97	10.43
Sigmoid	100.000000	100.000000	45.45	1.39	46.97	10.43
Sigmoid	100.000000	1000.000000	45.45	1.39	46.97	10.43
Sigmoid	1000.000000	0.001000	53.80	2.28	54.55	11.42
Sigmoid	1000.000000	0.010000	56.46	6.15	57.58	10.67
Sigmoid	1000.000000	0.100000	44.07	1.11	44.85	10.21
Sigmoid	1000.000000	1.000000	45.15	1.08	44.85	9.47
Sigmoid	1000.000000	10.000000	45.45	1.39	46.97	10.43
Sigmoid	1000.000000	100.000000	45.45	1.39	46.97	10.43
Sigmoid	1000.000000	1000.000000	45.45	1.39	46.97	10.43
