Kernel	Cost	Gamma	Mean_Acc_Train	Std_Acc_Train	Mean_Acc_Test	Std_Acc_Test
Linear	0.001000	0.001000	75.45	4.97	67.58	6.22
Linear	0.001000	0.010000	75.45	4.97	67.58	6.22
Linear	0.001000	0.100000	75.45	4.97	67.58	6.22
Linear	0.001000	1.000000	75.45	4.97	67.58	6.22
Linear	0.001000	10.000000	75.45	4.97	67.58	6.22
Linear	0.001000	100.000000	75.45	4.97	67.58	6.22
Linear	0.001000	1000.000000	75.45	4.97	67.58	6.22
Linear	0.010000	0.001000	56.77	14.51	52.12	16.75
Linear	0.010000	0.010000	56.77	14.51	52.12	16.75
Linear	0.010000	0.100000	56.77	14.51	52.12	16.75
Linear	0.010000	1.000000	56.77	14.51	52.12	16.75
Linear	0.010000	10.000000	56.77	14.51	52.12	16.75
Linear	0.010000	100.000000	56.77	14.51	52.12	16.75
Linear	0.010000	1000.000000	56.77	14.51	52.12	16.75
Linear	0.100000	0.001000	58.89	12.48	59.70	14.47
Linear	0.100000	0.010000	58.89	12.48	59.70	14.47
Linear	0.100000	0.100000	58.89	12.48	59.70	14.47
Linear	0.100000	1.000000	58.89	12.48	59.70	14.47
Linear	0.100000	10.000000	58.89	12.48	59.70	14.47
Linear	0.100000	100.000000	58.89	12.48	59.70	14.47
Linear	0.100000	1000.000000	58.89	12.48	59.70	14.47
Linear	1.000000	0.001000	58.89	12.48	59.70	14.47
Linear	1.000000	0.010000	58.89	12.48	59.70	14.47
Linear	1.000000	0.100000	58.89	12.48	59.70	14.47
Linear	1.000000	1.000000	58.89	12.48	59.70	14.47
Linear	1.000000	10.000000	58.89	12.48	59.70	14.47
Linear	1.000000	100.000000	58.89	12.48	59.70	14.47
Linear	1.000000	1000.000000	58.89	12.48	59.70	14.47
Linear	10.000000	0.001000	58.89	12.48	59.70	14.47
Linear	10.000000	0.010000	58.89	12.48	59.70	14.47
Linear	10.000000	0.100000	58.89	12.48	59.70	14.47
Linear	10.000000	1.000000	58.89	12.48	59.70	14.47
Linear	10.000000	10.000000	58.89	12.48	59.70	14.47
Linear	10.000000	100.000000	58.89	12.48	59.70	14.47
Linear	10.000000	1000.000000	58.89	12.48	59.70	14.47
Linear	100.000000	0.001000	58.89	12.48	59.70	14.47
Linear	100.000000	0.010000	58.89	12.48	59.70	14.47
Linear	100.000000	0.100000	58.89	12.48	59.70	14.47
Linear	100.000000	1.000000	58.89	12.48	59.70	14.47
Linear	100.000000	10.000000	58.89	12.48	59.70	14.47
Linear	100.000000	100.000000	58.89	12.48	59.70	14.47
Linear	100.000000	1000.000000	58.89	12.48	59.70	14.47
Linear	1000.000000	0.001000	58.89	12.48	59.70	14.47
Linear	1000.000000	0.010000	58.89	12.48	59.70	14.47
Linear	1000.000000	0.100000	58.89	12.48	59.70	14.47
Linear	1000.000000	1.000000	58.89	12.48	59.70	14.47
Linear	1000.000000	10.000000	58.89	12.48	59.70	14.47
Linear	1000.000000	100.000000	58.89	12.48	59.70	14.47
Linear	1000.000000	1000.000000	58.89	12.48	59.70	14.47
Polynomial	0.001000	0.001000	85.32	12.17	63.03	9.37
Polynomial	0.001000	0.010000	85.59	11.27	60.91	5.15
Polynomial	0.001000	0.100000	91.08	4.64	63.94	6.70
Polynomial	0.001000	1.000000	88.08	7.72	63.94	8.51
Polynomial	0.001000	10.000000	83.37	12.78	61.52	7.05
Polynomial	0.001000	100.000000	87.61	9.26	64.24	8.66
Polynomial	0.001000	1000.000000	72.96	4.18	67.58	8.47
Polynomial	0.010000	0.001000	85.32	12.17	63.03	9.37
Polynomial	0.010000	0.010000	85.59	11.27	60.91	5.15
Polynomial	0.010000	0.100000	91.08	4.64	63.94	6.70
Polynomial	0.010000	1.000000	88.08	7.72	63.94	8.51
Polynomial	0.010000	10.000000	83.37	12.78	61.52	7.05
Polynomial	0.010000	100.000000	87.61	9.26	64.24	8.66
Polynomial	0.010000	1000.000000	72.96	4.18	67.58	8.47
Polynomial	0.100000	0.001000	85.32	12.17	63.03	9.37
Polynomial	0.100000	0.010000	85.59	11.27	60.91	5.15
Polynomial	0.100000	0.100000	91.08	4.64	63.94	6.70
Polynomial	0.100000	1.000000	88.08	7.72	63.94	8.51
Polynomial	0.100000	10.000000	83.37	12.78	61.52	7.05
Polynomial	0.100000	100.000000	87.61	9.26	64.24	8.66
Polynomial	0.100000	1000.000000	72.96	4.18	67.58	8.47
Polynomial	1.000000	0.001000	85.32	12.17	63.03	9.37
Polynomial	1.000000	0.010000	85.59	11.27	60.91	5.15
Polynomial	1.000000	0.100000	91.08	4.64	63.94	6.70
Polynomial	1.000000	1.000000	88.08	7.72	63.94	8.51
Polynomial	1.000000	10.000000	83.37	12.78	61.52	7.05
Polynomial	1.000000	100.000000	87.61	9.26	64.24	8.66
Polynomial	1.000000	1000.000000	72.96	4.18	67.58	8.47
Polynomial	10.000000	0.001000	85.32	12.17	63.03	9.37
Polynomial	10.000000	0.010000	85.59	11.27	60.91	5.15
Polynomial	10.000000	0.100000	91.08	4.64	63.94	6.70
Polynomial	10.000000	1.000000	88.08	7.72	63.94	8.51
Polynomial	10.000000	10.000000	83.37	12.78	61.52	7.05
Polynomial	10.000000	100.000000	87.61	9.26	64.24	8.66
Polynomial	10.000000	1000.000000	72.96	4.18	67.58	8.47
Polynomial	100.000000	0.001000	85.32	12.17	63.03	9.37
Polynomial	100.000000	0.010000	85.59	11.27	60.91	5.15
Polynomial	100.000000	0.100000	91.08	4.64	63.94	6.70
Polynomial	100.000000	1.000000	88.08	7.72	63.94	8.51
Polynomial	100.000000	10.000000	83.37	12.78	61.52	7.05
Polynomial	100.000000	100.000000	87.61	9.26	64.24	8.66
Polynomial	100.000000	1000.000000	72.96	4.18	67.58	8.47
Polynomial	1000.000000	0.001000	85.32	12.17	63.03	9.37
Polynomial	1000.000000	0.010000	85.59	11.27	60.91	5.15
Polynomial	1000.000000	0.100000	91.08	4.64	63.94	6.70
Polynomial	1000.000000	1.000000	88.08	7.72	63.94	8.51
Polynomial	1000.000000	10.000000	83.37	12.78	61.52	7.05
Polynomial	1000.000000	100.000000	87.61	9.26	64.24	8.66
Polynomial	1000.000000	1000.000000	72.96	4.18	67.58	8.47
Radial Basis Function	0.001000	0.001000	50.71	0.46	48.48	5.07
Radial Basis Function	0.001000	0.010000	50.71	0.46	48.48	5.07
Radial Basis Function	0.001000	0.100000	50.71	0.46	48.48	5.07
Radial Basis Function	0.001000	1.000000	50.71	0.46	48.48	5.07
Radial Basis Function	0.001000	10.000000	50.71	0.46	48.48	5.07
Radial Basis Function	0.001000	100.000000	50.71	0.46	48.48	5.07
Radial Basis Function	0.001000	1000.000000	50.71	0.46	48.48	5.07
Radial Basis Function	0.010000	0.001000	50.71	0.46	48.48	5.07
Radial Basis Function	0.010000	0.010000	50.71	0.46	48.48	5.07
Radial Basis Function	0.010000	0.100000	50.71	0.46	48.48	5.07
Radial Basis Function	0.010000	1.000000	50.71	0.46	48.48	5.07
Radial Basis Function	0.010000	10.000000	50.71	0.46	48.48	5.07
Radial Basis Function	0.010000	100.000000	50.71	0.46	48.48	5.07
Radial Basis Function	0.010000	1000.000000	50.71	0.46	48.48	5.07
Radial Basis Function	0.100000	0.001000	50.71	0.46	48.48	5.07
Radial Basis Function	0.100000	0.010000	50.71	0.46	48.48	5.07
Radial Basis Function	0.100000	0.100000	50.71	0.46	48.48	5.07
Radial Basis Function	0.100000	1.000000	50.71	0.46	48.48	5.07
Radial Basis Function	0.100000	10.000000	50.71	0.46	48.48	5.07
Radial Basis Function	0.100000	100.000000	50.71	0.46	48.48	5.07
Radial Basis Function	0.100000	1000.000000	50.71	0.46	48.48	5.07
Radial Basis Function	1.000000	0.001000	100.00	0.00	49.39	5.76
Radial Basis Function	1.000000	0.010000	100.00	0.00	49.09	5.55
Radial Basis Function	1.000000	0.100000	100.00	0.00	49.09	5.55
Radial Basis Function	1.000000	1.000000	100.00	0.00	49.09	5.55
Radial Basis Function	1.000000	10.000000	100.00	0.00	49.09	5.55
Radial Basis Function	1.000000	100.000000	100.00	0.00	49.09	5.55
Radial Basis Function	1.000000	1000.000000	100.00	0.00	49.09	5.55
Radial Basis Function	10.000000	0.001000	100.00	0.00	49.70	6.09
Radial Basis Function	10.000000	0.010000	100.00	0.00	49.09	5.55
Radial Basis Function	10.000000	0.100000	100.00	0.00	49.09	5.55
Radial Basis Function	10.000000	1.000000	100.00	0.00	49.09	5.55
Radial Basis Function	10.000000	10.000000	100.00	0.00	49.09	5.55
Radial Basis Function	10.000000	100.000000	100.00	0.00	49.09	5.55
Radial Basis Function	10.000000	1000.000000	100.00	0.00	49.09	5.55
Radial Basis Function	100.000000	0.001000	100.00	0.00	49.70	6.09
Radial Basis Function	100.000000	0.010000	100.00	0.00	49.09	5.55
Radial Basis Function	100.000000	0.100000	100.00	0.00	49.09	5.55
Radial Basis Function	100.000000	1.000000	100.00	0.00	49.09	5.55
Radial Basis Function	100.000000	10.000000	100.00	0.00	49.09	5.55
Radial Basis Function	100.000000	100.000000	100.00	0.00	49.09	5.55
Radial Basis Function	100.000000	1000.000000	100.00	0.00	49.09	5.55
Radial Basis Function	1000.000000	0.001000	100.00	0.00	49.70	6.09
Radial Basis Function	1000.000000	0.010000	100.00	0.00	49.09	5.55
Radial Basis Function	1000.000000	0.100000	100.00	0.00	49.09	5.55
Radial Basis Function	1000.000000	1.000000	100.00	0.00	49.09	5.55
Radial Basis Function	1000.000000	10.000000	100.00	0.00	49.09	5.55
Radial Basis Function	1000.000000	100.000000	100.00	0.00	49.09	5.55
Radial Basis Function	1000.000000	1000.000000	100.00	0.00	49.09	5.55
Sigmoid	0.001000	0.001000	50.71	0.46	48.48	5.07
Sigmoid	0.001000	0.010000	50.71	0.46	48.48	5.07
Sigmoid	0.001000	0.100000	50.71	0.46	48.48	5.07
Sigmoid	0.001000	1.000000	50.71	0.46	48.48	5.07
Sigmoid	0.001000	10.000000	50.71	0.46	48.48	5.07
Sigmoid	0.001000	100.000000	50.71	0.46	48.48	5.07
Sigmoid	0.001000	1000.000000	50.71	0.46	48.48	5.07
Sigmoid	0.010000	0.001000	50.71	0.46	48.48	5.07
Sigmoid	0.010000	0.010000	50.71	0.46	48.48	5.07
Sigmoid	0.010000	0.100000	50.71	0.46	48.48	5.07
Sigmoid	0.010000	1.000000	50.71	0.46	48.48	5.07
Sigmoid	0.010000	10.000000	50.71	0.46	48.48	5.07
Sigmoid	0.010000	100.000000	50.71	0.46	48.48	5.07
Sigmoid	0.010000	1000.000000	50.71	0.46	48.48	5.07
Sigmoid	0.100000	0.001000	32.53	1.22	32.42	6.92
Sigmoid	0.100000	0.010000	32.69	1.27	32.73	7.15
Sigmoid	0.100000	0.100000	32.69	1.27	32.73	7.15
Sigmoid	0.100000	1.000000	32.69	1.27	32.73	7.15
Sigmoid	0.100000	10.000000	32.69	1.27	32.73	7.15
Sigmoid	0.100000	100.000000	32.69	1.27	32.73	7.15
Sigmoid	0.100000	1000.000000	32.69	1.27	32.73	7.15
Sigmoid	1.000000	0.001000	29.02	1.19	30.00	8.93
Sigmoid	1.000000	0.010000	29.02	1.19	30.00	8.93
Sigmoid	1.000000	0.100000	29.02	1.19	30.00	8.93
Sigmoid	1.000000	1.000000	29.02	1.19	30.00	8.93
Sigmoid	1.000000	10.000000	29.02	1.19	30.00	8.93
Sigmoid	1.000000	100.000000	29.02	1.19	30.00	8.93
Sigmoid	1.000000	1000.000000	29.02	1.19	30.00	8.93
Sigmoid	10.000000	0.001000	29.02	1.19	30.00	8.93
Sigmoid	10.000000	0.010000	29.02	1.19	30.00	8.93
Sigmoid	10.000000	0.100000	29.02	1.19	30.00	8.93
Sigmoid	10.000000	1.000000	29.02	1.19	30.00	8.93
Sigmoid	10.000000	10.000000	29.02	1.19	30.00	8.93
Sigmoid	10.000000	100.000000	29.02	1.19	30.00	8.93
Sigmoid	10.000000	1000.000000	29.02	1.19	30.00	8.93
Sigmoid	100.000000	0.001000	29.02	1.19	30.00	8.93
Sigmoid	100.000000	0.010000	29.02	1.19	30.00	8.93
Sigmoid	100.000000	0.100000	29.02	1.19	30.00	8.93
Sigmoid	100.000000	1.000000	29.02	1.19	30.00	8.93
Sigmoid	100.000000	10.000000	29.02	1.19	30.00	8.93
Sigmoid	100.000000	100.000000	29.02	1.19	30.00	8.93
Sigmoid	100.000000	1000.000000	29.02	1.19	30.00	8.93
Sigmoid	1000.000000	0.001000	29.02	1.19	30.00	8.93
Sigmoid	1000.000000	0.010000	29.02	1.19	30.00	8.93
Sigmoid	1000.000000	0.100000	29.02	1.19	30.00	8.93
Sigmoid	1000.000000	1.000000	29.02	1.19	30.00	8.93
Sigmoid	1000.000000	10.000000	29.02	1.19	30.00	8.93
Sigmoid	1000.000000	100.000000	29.02	1.19	30.00	8.93
Sigmoid	1000.000000	1000.000000	29.02	1.19	30.00	8.93
